19127044
10122001
Nguyen Thi B
10 12 2001
0
-1
-1
-1
-1
2020 04 06 13 30 17 30 -1
2020 04 13 13 30 17 30 -1
2020 04 20 13 30 17 30 -1
2020 04 27 13 30 17 30 -1
2020 05 04 13 30 17 30 -1
2020 05 11 13 30 17 30 -1
2020 05 18 13 30 17 30 -1
2020 05 25 13 30 17 30 -1
2020 06 01 13 30 17 30 -1
2020 06 08 13 30 17 30 -1
1

19127045
28092001
Nguyen Thi D
28 09 2001
0
-1
-1
-1
-1
2020 04 06 13 30 17 30 -1
2020 04 13 13 30 17 30 -1
2020 04 20 13 30 17 30 -1
2020 04 27 13 30 17 30 -1
2020 05 04 13 30 17 30 -1
2020 05 11 13 30 17 30 -1
2020 05 18 13 30 17 30 -1
2020 05 25 13 30 17 30 -1
2020 06 01 13 30 17 30 -1
2020 06 08 13 30 17 30 -1
1

19127046
28122001
Nguyen Thi D
28 12 2001
0
-1
-1
-1
-1
2020 04 06 13 30 17 30 -1
2020 04 13 13 30 17 30 -1
2020 04 20 13 30 17 30 -1
2020 04 27 13 30 17 30 -1
2020 05 04 13 30 17 30 -1
2020 05 11 13 30 17 30 -1
2020 05 18 13 30 17 30 -1
2020 05 25 13 30 17 30 -1
2020 06 01 13 30 17 30 -1
2020 06 08 13 30 17 30 -1
1

19127047
29062001
Nguyen Van I
29 06 2001
1
-1
-1
-1
-1
2020 04 06 13 30 17 30 -1
2020 04 13 13 30 17 30 -1
2020 04 20 13 30 17 30 -1
2020 04 27 13 30 17 30 -1
2020 05 04 13 30 17 30 -1
2020 05 11 13 30 17 30 -1
2020 05 18 13 30 17 30 -1
2020 05 25 13 30 17 30 -1
2020 06 01 13 30 17 30 -1
2020 06 08 13 30 17 30 -1
1

