19127000
Nguyen Van B
24 02 2001
0
-1
-1
-1
-1
2020 04 06 9 30 11 30 -1
2020 04 13 9 30 11 30 -1
2020 04 20 9 30 11 30 -1
2020 04 27 9 30 11 30 -1
2020 05 04 9 30 11 30 -1
2020 05 11 9 30 11 30 -1
2020 05 18 9 30 11 30 -1
2020 05 25 9 30 11 30 -1
2020 06 01 9 30 11 30 -1
2020 06 08 9 30 11 30 -1
1

19127001
Nguyen Thi B
01 03 2001
1
-1
-1
-1
-1
2020 04 06 9 30 11 30 -1
2020 04 13 9 30 11 30 -1
2020 04 20 9 30 11 30 -1
2020 04 27 9 30 11 30 -1
2020 05 04 9 30 11 30 -1
2020 05 11 9 30 11 30 -1
2020 05 18 9 30 11 30 -1
2020 05 25 9 30 11 30 -1
2020 06 01 9 30 11 30 -1
2020 06 08 9 30 11 30 -1
1

19127002
Nguyen Van H
05 07 2001
0
-1
-1
-1
-1
2020 04 06 9 30 11 30 -1
2020 04 13 9 30 11 30 -1
2020 04 20 9 30 11 30 -1
2020 04 27 9 30 11 30 -1
2020 05 04 9 30 11 30 -1
2020 05 11 9 30 11 30 -1
2020 05 18 9 30 11 30 -1
2020 05 25 9 30 11 30 -1
2020 06 01 9 30 11 30 -1
2020 06 08 9 30 11 30 -1
1

19127003
Nguyen Thi F
11 09 2001
1
-1
-1
-1
-1
2020 04 06 9 30 11 30 -1
2020 04 13 9 30 11 30 -1
2020 04 20 9 30 11 30 -1
2020 04 27 9 30 11 30 -1
2020 05 04 9 30 11 30 -1
2020 05 11 9 30 11 30 -1
2020 05 18 9 30 11 30 -1
2020 05 25 9 30 11 30 -1
2020 06 01 9 30 11 30 -1
2020 06 08 9 30 11 30 -1
1

19127003
Nguyen Thi F
11 09 2001
1
-1
-1
-1
-1
2020 04 06 9 30 11 30 -1
2020 04 13 9 30 11 30 -1
2020 04 20 9 30 11 30 -1
2020 04 27 9 30 11 30 -1
2020 05 04 9 30 11 30 -1
2020 05 11 9 30 11 30 -1
2020 05 18 9 30 11 30 -1
2020 05 25 9 30 11 30 -1
2020 06 01 9 30 11 30 -1
2020 06 08 9 30 11 30 -1
1

