19127480
123
Nguyen Ngoc Phuong Nam
01 01 2001
0
9
9
9
9
2020 04 06 7 30 11 30 -1
2020 04 13 7 30 11 30 -1
2020 04 20 7 30 11 30 -1
2020 04 27 7 30 11 30 -1
2020 05 04 7 30 11 30 1
2020 05 11 7 30 22 30 -1
2020 05 18 7 30 11 30 1
2020 05 25 7 30 11 30 -1
2020 06 01 7 30 11 30 -1
2020 06 08 7 30 11 30 -1

19127330
1234
Vuong Thanh An
02 02 2001
0
-1
10
-1
-1
2020 04 06 7 30 11 30 -1
2020 04 13 7 30 11 30 -1
2020 04 20 7 30 11 30 -1
2020 04 27 7 30 11 30 1
2020 05 04 7 30 11 30 1
2020 05 11 7 30 11 30 -1
2020 05 18 7 30 11 30 -1
2020 05 25 7 30 11 30 1
2020 06 01 7 30 11 30 -1
2020 06 08 7 30 11 30 -1

19127111
03032001
Le Tam Anh
03 03 2001
0
-1
-1
3
-1
2020 04 06 7 30 11 30 1
2020 04 13 7 30 11 30 -1
2020 04 20 7 30 11 30 -1
2020 04 27 7 30 11 30 1
2020 05 04 7 30 11 30 1
2020 05 11 7 30 11 30 -1
2020 05 18 7 30 11 30 -1
2020 05 25 7 30 11 30 1
2020 06 01 7 30 11 30 -1
2020 06 08 7 30 11 30 -1

19127010
123
Tran Minh Thien
03 03 2001
0
3
6
-1
-1
2020 04 06 7 30 11 30 -1
2020 04 13 7 30 11 30 1
2020 04 20 7 30 11 30 1
2020 04 27 7 30 11 30 -1
2020 05 04 7 30 11 30 1
2020 05 11 7 30 11 30 1
2020 05 18 7 30 11 30 1
2020 05 25 7 30 11 30 -1
2020 06 01 7 30 11 30 -1
2020 06 08 7 30 11 30 -1

19127000
123
Dit Me May
09 09 2001
1
10
5
2
7
2020 04 06 7 30 11 30 1
2020 04 13 7 30 11 30 1
2020 04 20 7 30 11 30 1
2020 04 27 7 30 11 30 1
2020 05 04 7 30 11 30 1
2020 05 11 7 30 11 30 -1
2020 05 18 7 30 11 30 1
2020 05 25 7 30 11 30 -1
2020 06 01 7 30 11 30 -1
2020 06 08 7 30 11 30 -1