19127032
09082001
Nguyen Thi I
09 08 2001
0
-1
-1
-1
-1
2020 04 06 7 30 11 30 -1
2020 04 13 7 30 11 30 -1
2020 04 20 7 30 11 30 -1
2020 04 27 7 30 11 30 -1
2020 05 04 7 30 11 30 -1
2020 05 11 7 30 11 30 -1
2020 05 18 7 30 11 30 -1
2020 05 25 7 30 11 30 -1
2020 06 01 7 30 11 30 -1
2020 06 08 7 30 11 30 -1
1

19127033
27082001
Nguyen Van N
27 08 2001
1
-1
-1
-1
-1
2020 04 06 7 30 11 30 -1
2020 04 13 7 30 11 30 -1
2020 04 20 7 30 11 30 -1
2020 04 27 7 30 11 30 -1
2020 05 04 7 30 11 30 -1
2020 05 11 7 30 11 30 -1
2020 05 18 7 30 11 30 -1
2020 05 25 7 30 11 30 -1
2020 06 01 7 30 11 30 -1
2020 06 08 7 30 11 30 -1
1

19127034
07062001
Nguyen Van H
07 06 2001
1
-1
-1
-1
-1
2020 04 06 7 30 11 30 -1
2020 04 13 7 30 11 30 -1
2020 04 20 7 30 11 30 -1
2020 04 27 7 30 11 30 -1
2020 05 04 7 30 11 30 -1
2020 05 11 7 30 11 30 -1
2020 05 18 7 30 11 30 -1
2020 05 25 7 30 11 30 -1
2020 06 01 7 30 11 30 -1
2020 06 08 7 30 11 30 -1
1

19127035
23122001
Nguyen Thi A
23 12 2001
0
-1
-1
-1
-1
2020 04 06 7 30 11 30 -1
2020 04 13 7 30 11 30 -1
2020 04 20 7 30 11 30 -1
2020 04 27 7 30 11 30 -1
2020 05 04 7 30 11 30 -1
2020 05 11 7 30 11 30 -1
2020 05 18 7 30 11 30 -1
2020 05 25 7 30 11 30 -1
2020 06 01 7 30 11 30 -1
2020 06 08 7 30 11 30 -1
1

