19127024
12072001
Nguyen Van I
12 07 2001
1
-1
-1
-1
-1
2020 04 06 13 30 17 30 -1
2020 04 13 13 30 17 30 -1
2020 04 20 13 30 17 30 -1
2020 04 27 13 30 17 30 -1
2020 05 04 13 30 17 30 -1
2020 05 11 13 30 17 30 -1
2020 05 18 13 30 17 30 -1
2020 05 25 13 30 17 30 -1
2020 06 01 13 30 17 30 -1
2020 06 08 13 30 17 30 -1
1

19127025
24042001
Nguyen Thi B
24 04 2001
0
-1
-1
-1
-1
2020 04 06 13 30 17 30 -1
2020 04 13 13 30 17 30 -1
2020 04 20 13 30 17 30 -1
2020 04 27 13 30 17 30 -1
2020 05 04 13 30 17 30 -1
2020 05 11 13 30 17 30 -1
2020 05 18 13 30 17 30 -1
2020 05 25 13 30 17 30 -1
2020 06 01 13 30 17 30 -1
2020 06 08 13 30 17 30 -1
1

19127026
03052001
Nguyen Thi K
03 05 2001
0
-1
-1
-1
-1
2020 04 06 13 30 17 30 -1
2020 04 13 13 30 17 30 -1
2020 04 20 13 30 17 30 -1
2020 04 27 13 30 17 30 -1
2020 05 04 13 30 17 30 -1
2020 05 11 13 30 17 30 -1
2020 05 18 13 30 17 30 -1
2020 05 25 13 30 17 30 -1
2020 06 01 13 30 17 30 -1
2020 06 08 13 30 17 30 -1
1

19127027
08032001
Nguyen Thi S
08 03 2001
0
-1
-1
-1
-1
2020 04 06 13 30 17 30 -1
2020 04 13 13 30 17 30 -1
2020 04 20 13 30 17 30 -1
2020 04 27 13 30 17 30 -1
2020 05 04 13 30 17 30 -1
2020 05 11 13 30 17 30 -1
2020 05 18 13 30 17 30 -1
2020 05 25 13 30 17 30 -1
2020 06 01 13 30 17 30 -1
2020 06 08 13 30 17 30 -1
1

