19127000
Nguyen Van B
24 02 2001
1
-1
-1
-1
-1
2020 04 06 13 30 17 30 -1
2020 04 13 13 30 17 30 -1
2020 04 20 13 30 17 30 -1
2020 04 27 13 30 17 30 -1
2020 05 04 13 30 17 30 -1
2020 05 11 13 30 17 30 -1
2020 05 18 13 30 17 30 -1
2020 05 25 13 30 17 30 -1
2020 06 01 13 30 17 30 -1
2020 06 08 13 30 17 30 -1
1

19127001
Nguyen Thi B
01 03 2001
0
-1
-1
-1
-1
2020 04 06 13 30 17 30 -1
2020 04 13 13 30 17 30 -1
2020 04 20 13 30 17 30 -1
2020 04 27 13 30 17 30 -1
2020 05 04 13 30 17 30 -1
2020 05 11 13 30 17 30 -1
2020 05 18 13 30 17 30 -1
2020 05 25 13 30 17 30 -1
2020 06 01 13 30 17 30 -1
2020 06 08 13 30 17 30 -1
0

19127002
Nguyen Van H
05 07 2001
1
-1
-1
-1
-1
2020 04 06 13 30 17 30 -1
2020 04 13 13 30 17 30 -1
2020 04 20 13 30 17 30 -1
2020 04 27 13 30 17 30 -1
2020 05 04 13 30 17 30 -1
2020 05 11 13 30 17 30 -1
2020 05 18 13 30 17 30 -1
2020 05 25 13 30 17 30 -1
2020 06 01 13 30 17 30 -1
2020 06 08 13 30 17 30 -1
0

19127003
Nguyen Thi F
11 09 2001
0
-1
-1
-1
-1
2020 04 06 13 30 17 30 -1
2020 04 13 13 30 17 30 -1
2020 04 20 13 30 17 30 -1
2020 04 27 13 30 17 30 -1
2020 05 04 13 30 17 30 -1
2020 05 11 13 30 17 30 -1
2020 05 18 13 30 17 30 -1
2020 05 25 13 30 17 30 -1
2020 06 01 13 30 17 30 -1
2020 06 08 13 30 17 30 -1
1

19127139
oc cho Nam
24 05 2001
0
-1
-1
-1
-1
2020 04 06 13 30 17 30 -1
2020 04 13 13 30 17 30 -1
2020 04 20 13 30 17 30 -1
2020 04 27 13 30 17 30 -1
2020 05 04 13 30 17 30 -1
2020 05 11 13 30 17 30 -1
2020 05 18 13 30 17 30 -1
2020 05 25 13 30 17 30 -1
2020 06 01 13 30 17 30 -1
2020 06 08 13 30 17 30 -1
1

