19127044
Nguyen Thi B
10 12 2001
0
-1
-1
-1
-1
2020 04 06 7 30 11 30 -1
2020 04 13 7 30 11 30 -1
2020 04 20 7 30 11 30 -1
2020 04 27 7 30 11 30 -1
2020 05 04 7 30 11 30 -1
2020 05 11 7 30 11 30 -1
2020 05 18 7 30 11 30 -1
2020 05 25 7 30 11 30 -1
2020 06 01 7 30 11 30 -1
2020 06 08 7 30 11 30 -1
1

19127045
Nguyen Thi D
28 09 2001
0
-1
-1
-1
-1
2020 04 06 7 30 11 30 -1
2020 04 13 7 30 11 30 -1
2020 04 20 7 30 11 30 -1
2020 04 27 7 30 11 30 -1
2020 05 04 7 30 11 30 -1
2020 05 11 7 30 11 30 -1
2020 05 18 7 30 11 30 -1
2020 05 25 7 30 11 30 -1
2020 06 01 7 30 11 30 -1
2020 06 08 7 30 11 30 -1
1

19127046
Nguyen Thi D
28 12 2001
0
-1
-1
-1
-1
2020 04 06 7 30 11 30 -1
2020 04 13 7 30 11 30 -1
2020 04 20 7 30 11 30 -1
2020 04 27 7 30 11 30 -1
2020 05 04 7 30 11 30 -1
2020 05 11 7 30 11 30 -1
2020 05 18 7 30 11 30 -1
2020 05 25 7 30 11 30 -1
2020 06 01 7 30 11 30 -1
2020 06 08 7 30 11 30 -1
1

19127047
Nguyen Van I
29 06 2001
1
-1
-1
-1
-1
2020 04 06 7 30 11 30 -1
2020 04 13 7 30 11 30 -1
2020 04 20 7 30 11 30 -1
2020 04 27 7 30 11 30 -1
2020 05 04 7 30 11 30 -1
2020 05 11 7 30 11 30 -1
2020 05 18 7 30 11 30 -1
2020 05 25 7 30 11 30 -1
2020 06 01 7 30 11 30 -1
2020 06 08 7 30 11 30 -1
1

