19127028
Nguyen Van G
16 05 2001
1
-1
-1
-1
-1
2020 04 06 7 30 11 30 -1
2020 04 13 7 30 11 30 -1
2020 04 20 7 30 11 30 -1
2020 04 27 7 30 11 30 -1
2020 05 04 7 30 11 30 -1
2020 05 11 7 30 11 30 -1
2020 05 18 7 30 11 30 -1
2020 05 25 7 30 11 30 -1
2020 06 01 7 30 11 30 -1
2020 06 08 7 30 11 30 -1
1

19127029
Nguyen Van F
05 05 2001
1
-1
-1
-1
-1
2020 04 06 7 30 11 30 -1
2020 04 13 7 30 11 30 -1
2020 04 20 7 30 11 30 -1
2020 04 27 7 30 11 30 -1
2020 05 04 7 30 11 30 -1
2020 05 11 7 30 11 30 -1
2020 05 18 7 30 11 30 -1
2020 05 25 7 30 11 30 -1
2020 06 01 7 30 11 30 -1
2020 06 08 7 30 11 30 -1
1

19127030
Nguyen Van U
28 08 2001
1
-1
-1
-1
-1
2020 04 06 7 30 11 30 -1
2020 04 13 7 30 11 30 -1
2020 04 20 7 30 11 30 -1
2020 04 27 7 30 11 30 -1
2020 05 04 7 30 11 30 -1
2020 05 11 7 30 11 30 -1
2020 05 18 7 30 11 30 -1
2020 05 25 7 30 11 30 -1
2020 06 01 7 30 11 30 -1
2020 06 08 7 30 11 30 -1
1

19127031
Nguyen Thi P
09 07 2001
0
-1
-1
-1
-1
2020 04 06 7 30 11 30 -1
2020 04 13 7 30 11 30 -1
2020 04 20 7 30 11 30 -1
2020 04 27 7 30 11 30 -1
2020 05 04 7 30 11 30 -1
2020 05 11 7 30 11 30 -1
2020 05 18 7 30 11 30 -1
2020 05 25 7 30 11 30 -1
2020 06 01 7 30 11 30 -1
2020 06 08 7 30 11 30 -1
1

