19127016
26032001
Nguyen Van I
26 03 2001
1
-1
-1
-1
-1
2020 04 06 13 30 17 30 -1
2020 04 13 13 30 17 30 -1
2020 04 20 13 30 17 30 -1
2020 04 27 13 30 17 30 -1
2020 05 04 13 30 17 30 -1
2020 05 11 13 30 17 30 -1
2020 05 18 13 30 17 30 -1
2020 05 25 13 30 17 30 -1
2020 06 01 13 30 17 30 -1
2020 06 08 13 30 17 30 -1
1

19127017
01102001
Nguyen Van B
01 10 2001
1
-1
-1
-1
-1
2020 04 06 13 30 17 30 -1
2020 04 13 13 30 17 30 -1
2020 04 20 13 30 17 30 -1
2020 04 27 13 30 17 30 -1
2020 05 04 13 30 17 30 -1
2020 05 11 13 30 17 30 -1
2020 05 18 13 30 17 30 -1
2020 05 25 13 30 17 30 -1
2020 06 01 13 30 17 30 -1
2020 06 08 13 30 17 30 -1
1

19127018
21022001
Nguyen Thi F
21 02 2001
0
-1
-1
-1
-1
2020 04 06 13 30 17 30 -1
2020 04 13 13 30 17 30 -1
2020 04 20 13 30 17 30 -1
2020 04 27 13 30 17 30 -1
2020 05 04 13 30 17 30 -1
2020 05 11 13 30 17 30 -1
2020 05 18 13 30 17 30 -1
2020 05 25 13 30 17 30 -1
2020 06 01 13 30 17 30 -1
2020 06 08 13 30 17 30 -1
1

19127019
08122001
Nguyen Thi P
08 12 2001
0
-1
-1
-1
-1
2020 04 06 13 30 17 30 -1
2020 04 13 13 30 17 30 -1
2020 04 20 13 30 17 30 -1
2020 04 27 13 30 17 30 -1
2020 05 04 13 30 17 30 -1
2020 05 11 13 30 17 30 -1
2020 05 18 13 30 17 30 -1
2020 05 25 13 30 17 30 -1
2020 06 01 13 30 17 30 -1
2020 06 08 13 30 17 30 -1
1

